-4.666666666666666963e+00 -3.333333333333333481e+00
-4.666666666666666963e+00 -2.000000000000000000e+00
-4.666666666666666963e+00 -6.666666666666669627e-01
-4.666666666666666963e+00 6.666666666666660745e-01
-4.666666666666666963e+00 2.000000000000000000e+00
-4.666666666666666963e+00 3.333333333333332149e+00
-3.333333333333333481e+00 -4.666666666666666963e+00
-3.333333333333333481e+00 -3.333333333333333481e+00
-3.333333333333333481e+00 -2.000000000000000000e+00
-3.333333333333333481e+00 -6.666666666666669627e-01
-3.333333333333333481e+00 6.666666666666660745e-01
-3.333333333333333481e+00 2.000000000000000000e+00
-3.333333333333333481e+00 3.333333333333332149e+00
-3.333333333333333481e+00 4.666666666666666075e+00
-2.000000000000000000e+00 -4.666666666666666963e+00
-2.000000000000000000e+00 -3.333333333333333481e+00
-2.000000000000000000e+00 -2.000000000000000000e+00
-2.000000000000000000e+00 -6.666666666666669627e-01
-2.000000000000000000e+00 6.666666666666660745e-01
-2.000000000000000000e+00 2.000000000000000000e+00
-2.000000000000000000e+00 3.333333333333332149e+00
-2.000000000000000000e+00 4.666666666666666075e+00
-6.666666666666669627e-01 -4.666666666666666963e+00
-6.666666666666669627e-01 -3.333333333333333481e+00
-6.666666666666669627e-01 -2.000000000000000000e+00
-6.666666666666669627e-01 -6.666666666666669627e-01
-6.666666666666669627e-01 6.666666666666660745e-01
-6.666666666666669627e-01 2.000000000000000000e+00
-6.666666666666669627e-01 3.333333333333332149e+00
-6.666666666666669627e-01 4.666666666666666075e+00
6.666666666666660745e-01 -4.666666666666666963e+00
6.666666666666660745e-01 -3.333333333333333481e+00
6.666666666666660745e-01 -2.000000000000000000e+00
6.666666666666660745e-01 -6.666666666666669627e-01
6.666666666666660745e-01 6.666666666666660745e-01
6.666666666666660745e-01 2.000000000000000000e+00
6.666666666666660745e-01 3.333333333333332149e+00
6.666666666666660745e-01 4.666666666666666075e+00
2.000000000000000000e+00 -4.666666666666666963e+00
2.000000000000000000e+00 -3.333333333333333481e+00
2.000000000000000000e+00 -2.000000000000000000e+00
2.000000000000000000e+00 -6.666666666666669627e-01
2.000000000000000000e+00 6.666666666666660745e-01
2.000000000000000000e+00 2.000000000000000000e+00
2.000000000000000000e+00 3.333333333333332149e+00
2.000000000000000000e+00 4.666666666666666075e+00
3.333333333333332149e+00 -4.666666666666666963e+00
3.333333333333332149e+00 -3.333333333333333481e+00
3.333333333333332149e+00 -2.000000000000000000e+00
3.333333333333332149e+00 -6.666666666666669627e-01
3.333333333333332149e+00 6.666666666666660745e-01
3.333333333333332149e+00 2.000000000000000000e+00
3.333333333333332149e+00 3.333333333333332149e+00
3.333333333333332149e+00 4.666666666666666075e+00
4.666666666666666075e+00 -3.333333333333333481e+00
4.666666666666666075e+00 -2.000000000000000000e+00
4.666666666666666075e+00 -6.666666666666669627e-01
4.666666666666666075e+00 6.666666666666660745e-01
4.666666666666666075e+00 2.000000000000000000e+00
4.666666666666666075e+00 3.333333333333332149e+00
