-3.600000000000000089e+00 -3.600000000000000089e+00
-3.600000000000000089e+00 -1.200000000000000178e+00
-3.600000000000000089e+00 1.199999999999999289e+00
-3.600000000000000089e+00 3.599999999999999645e+00
-1.200000000000000178e+00 -3.600000000000000089e+00
-1.200000000000000178e+00 -1.200000000000000178e+00
-1.200000000000000178e+00 1.199999999999999289e+00
-1.200000000000000178e+00 3.599999999999999645e+00
1.199999999999999289e+00 -3.600000000000000089e+00
1.199999999999999289e+00 -1.200000000000000178e+00
1.199999999999999289e+00 1.199999999999999289e+00
1.199999999999999289e+00 3.599999999999999645e+00
3.599999999999999645e+00 -3.600000000000000089e+00
3.599999999999999645e+00 -1.200000000000000178e+00
3.599999999999999645e+00 1.199999999999999289e+00
3.599999999999999645e+00 3.599999999999999645e+00
