-5.500000000000000000e+00 -1.833333333333333481e+00
-5.500000000000000000e+00 1.833333333333333037e+00
-1.833333333333333481e+00 -5.500000000000000000e+00
-1.833333333333333481e+00 -1.833333333333333481e+00
-1.833333333333333481e+00 1.833333333333333037e+00
-1.833333333333333481e+00 5.500000000000000000e+00
1.833333333333333037e+00 -5.500000000000000000e+00
1.833333333333333037e+00 -1.833333333333333481e+00
1.833333333333333037e+00 1.833333333333333037e+00
1.833333333333333037e+00 5.500000000000000000e+00
5.500000000000000000e+00 -1.833333333333333481e+00
5.500000000000000000e+00 1.833333333333333037e+00
