-4.285714285714285587e+00 -2.571428571428571619e+00
-4.285714285714285587e+00 -8.571428571428576504e-01
-4.285714285714285587e+00 8.571428571428567622e-01
-4.285714285714285587e+00 2.571428571428571175e+00
-2.571428571428571619e+00 -4.285714285714285587e+00
-2.571428571428571619e+00 -2.571428571428571619e+00
-2.571428571428571619e+00 -8.571428571428576504e-01
-2.571428571428571619e+00 8.571428571428567622e-01
-2.571428571428571619e+00 2.571428571428571175e+00
-2.571428571428571619e+00 4.285714285714284699e+00
-8.571428571428576504e-01 -4.285714285714285587e+00
-8.571428571428576504e-01 -2.571428571428571619e+00
-8.571428571428576504e-01 -8.571428571428576504e-01
-8.571428571428576504e-01 8.571428571428567622e-01
-8.571428571428576504e-01 2.571428571428571175e+00
-8.571428571428576504e-01 4.285714285714284699e+00
8.571428571428567622e-01 -4.285714285714285587e+00
8.571428571428567622e-01 -2.571428571428571619e+00
8.571428571428567622e-01 -8.571428571428576504e-01
8.571428571428567622e-01 8.571428571428567622e-01
8.571428571428567622e-01 2.571428571428571175e+00
8.571428571428567622e-01 4.285714285714284699e+00
2.571428571428571175e+00 -4.285714285714285587e+00
2.571428571428571175e+00 -2.571428571428571619e+00
2.571428571428571175e+00 -8.571428571428576504e-01
2.571428571428571175e+00 8.571428571428567622e-01
2.571428571428571175e+00 2.571428571428571175e+00
2.571428571428571175e+00 4.285714285714284699e+00
4.285714285714284699e+00 -2.571428571428571619e+00
4.285714285714284699e+00 -8.571428571428576504e-01
4.285714285714284699e+00 8.571428571428567622e-01
4.285714285714284699e+00 2.571428571428571175e+00
