4.316666666666666430e+00 3.083333333333333037e+00
3.083333333333333037e+00 4.316666666666666430e+00
4.316666666666666430e+00 1.849999999999999645e+00
3.083333333333333037e+00 3.083333333333333037e+00
1.849999999999999645e+00 4.316666666666666430e+00
4.316666666666666430e+00 6.166666666666662522e-01
3.083333333333333037e+00 1.849999999999999645e+00
1.849999999999999645e+00 3.083333333333333037e+00
6.166666666666662522e-01 4.316666666666666430e+00
4.316666666666666430e+00 -6.166666666666671404e-01
3.083333333333333037e+00 6.166666666666662522e-01
1.849999999999999645e+00 1.849999999999999645e+00
6.166666666666662522e-01 3.083333333333333037e+00
-6.166666666666671404e-01 4.316666666666666430e+00
4.316666666666666430e+00 -1.850000000000000533e+00
3.083333333333333037e+00 -6.166666666666671404e-01
1.849999999999999645e+00 6.166666666666662522e-01
6.166666666666662522e-01 1.849999999999999645e+00
-6.166666666666671404e-01 3.083333333333333037e+00
-1.850000000000000533e+00 4.316666666666666430e+00
4.316666666666666430e+00 -3.083333333333333037e+00
3.083333333333333037e+00 -1.850000000000000533e+00
1.849999999999999645e+00 -6.166666666666671404e-01
6.166666666666662522e-01 6.166666666666662522e-01
-6.166666666666671404e-01 1.849999999999999645e+00
-1.850000000000000533e+00 3.083333333333333037e+00
-3.083333333333333037e+00 4.316666666666666430e+00
3.083333333333333037e+00 -3.083333333333333037e+00
1.849999999999999645e+00 -1.850000000000000533e+00
6.166666666666662522e-01 -6.166666666666671404e-01
-6.166666666666671404e-01 6.166666666666662522e-01
-1.850000000000000533e+00 1.849999999999999645e+00
-3.083333333333333037e+00 3.083333333333333037e+00
3.083333333333333037e+00 -4.316666666666667318e+00
1.849999999999999645e+00 -3.083333333333333037e+00
6.166666666666662522e-01 -1.850000000000000533e+00
-6.166666666666671404e-01 -6.166666666666671404e-01
-1.850000000000000533e+00 6.166666666666662522e-01
-3.083333333333333037e+00 1.849999999999999645e+00
-4.316666666666667318e+00 3.083333333333333037e+00
1.849999999999999645e+00 -4.316666666666667318e+00
6.166666666666662522e-01 -3.083333333333333037e+00
-6.166666666666671404e-01 -1.850000000000000533e+00
-1.850000000000000533e+00 -6.166666666666671404e-01
-3.083333333333333037e+00 6.166666666666662522e-01
-4.316666666666667318e+00 1.849999999999999645e+00
6.166666666666662522e-01 -4.316666666666667318e+00
-6.166666666666671404e-01 -3.083333333333333037e+00
-1.850000000000000533e+00 -1.850000000000000533e+00
-3.083333333333333037e+00 -6.166666666666671404e-01
-4.316666666666667318e+00 6.166666666666662522e-01
-6.166666666666671404e-01 -4.316666666666667318e+00
-1.850000000000000533e+00 -3.083333333333333037e+00
-3.083333333333333037e+00 -1.850000000000000533e+00
-4.316666666666667318e+00 -6.166666666666671404e-01
-1.850000000000000533e+00 -4.316666666666667318e+00
-3.083333333333333037e+00 -3.083333333333333037e+00
-4.316666666666667318e+00 -1.850000000000000533e+00
-3.083333333333333037e+00 -4.316666666666667318e+00
-4.316666666666667318e+00 -3.083333333333333037e+00
